 
257751 96 143385706
257613 1079 1654216990
257613 1106 1690810155
257819 224 343503716
257490 459 719988606
257490 211 336940398
257490 213 338904619
257400 476 722782796
257645 805 1226868252
257645 811 1236995631
256734 172 213434304
257531 79 110329609
256677 95 114701180
256677 154 180762161
257461 82 100854286
256677 216 255491858
256677 328 335095578
256677 349 359843289
257490 416 653833786
256729 158 230877129
256729 197 289528081
256677 323 329863386
257613 1109 1695531228
256677 473 505211239
256729 61 83210340
256729 23 25274836
256729 73 101390410
256729 103 146946287
256729 270 399541132
256729 273 403984142
256729 1120 1585845233
257490 177 280662328
256729 315 466742537
256729 360 533582305
256729 391 578918516
256729 504 743970200
256729 518 763503291
260536 102 178095938
256729 565 831090058
256729 575 846376620
256729 587 862283455
257613 69 111115925
257613 70 112897118
256729 645 936308985
256729 830 1190830813
256729 1100 1558736600
256729 1029 1463625935
256729 1097 1555188294
256729 1101 1560839983
256729 1211 1706508242
256729 1225 1725620109
256729 1246 1752791701
256729 1261 1773286391
258656 187 327311443
257751 144 214398993
257751 175 261058898
257751 186 277931364
256729 1291 1813956945
256729 1361 1904693292
256868 133 231001309
256868 426 732848789
258177 136 208748223
258448 342 411262541
256729 1724 -1920885309
256729 1725 -1919303665
256729 1689 -1964288945
257400 737 1108494748
256843 54 74715647
256843 55 76512909
256734 39 47524993
258443 78 107614755
256867 13 20809338
256801 201 290469310
256801 251 369065227
257487 823 1429338699
257487 913 1579840928
257723 130 167515514
257490 589 912143477
256843 301 435290964
256843 411 590301125
256843 499 713220174
256843 552 787748864
257682 99 87255504
257682 176 197944063
257682 186 211788569
257645 1096 1641727519
257400 391 596847786
256843 1118 1538710347
257490 568 879273461
257490 377 592821112
256843 1135 1563278552
256843 1301 1763862552
256867 62 108817192
257490 69 111169361
257487 651 1134094572
257487 668 1163573135
257461 55 53082642
257487 799 1387837256
256868 38 60769194
257487 744 1294862802
257487 746 1297057130
257400 1384 1984676469
257487 790 1373003209
257487 685 1192566703
257487 685 1192624713
256868 476 811389711
256868 329 571546840
256868 400 691823122
258213 2 1122535
259637 159 262044386
256868 451 773943582
257645 220 341045724
257400 428 651392160
257645 701 1069642125
257645 759 1159559964
257490 32 50543072
257490 41 65726952
256941 109 157045478
256941 241 346650436
257487 953 1646932420
257487 859 1489891529
257487 870 1506656782
259862 468 820690862
260532 59 104297909
257394 64 95889281
257394 66 98438039
257396 27 44251878
257645 970 1475534335
257751 361 540888608
257396 26 43736545
257613 852 1322579677
257396 93 154544938
257396 96 159594942
257396 102 169561430
257396 141 234291688
257396 174 288773658
257396 210 346443596
257397 43 68117442
260538 52 87920239
257399 88 139992580
257400 1329 1909972722
257645 293 459850124
257645 296 464092194
257400 596 902584649
257490 258 409049500
257682 329 418587534
257399 156 248050078
257399 170 270040109
260627 1173 -2129405852
257399 181 287486334
257400 9 12996145
257400 69 106494829
257400 90 139391037
257400 111 171684201
257400 118 182840749
257400 168 260131088
257400 189 292613425
257400 283 434640565
258694 71 128341897
258694 71 127133347
257400 690 1039080494
257400 528 801526914
257400 615 930962303
257400 623 942001205
257487 131 202735698
256734 80 99505553
257400 748 1122761499
257487 1113 1908552751
257613 1074 1647970423
257723 61 80625390
257614 3 3192094
257645 57 73380454
257487 93 129787441
257487 95 135445978
257487 767 1333529459
257400 1015 1477483782
257400 1021 1485809925
258158 1689 -1818935212
257400 1118 1615443377
257400 1205 1738243680
257723 51 66459092
257487 57 62334636
257487 147 232570033
257487 147 232119101
258159 175 223993015
257487 480 831930356
257487 548 949555189
257613 25 40548225
257613 37 60065006
257487 381 657509012
257487 394 679379101
257487 462 800685338
257487 582 1010352070
257487 583 1012842404
257487 644 1122743696
257613 339 535631670
257490 52 84287664
257613 827 1284339497
257613 1044 1603385554
257613 1095 1675797205
257396 183 303136768
257490 351 552584549
257490 549 850742492
257490 570 882375048
257531 30 38862276
257531 96 136940291
257613 351 553881345
257645 176 269140365
257645 179 272771074
257613 146 237293896
257613 147 237344307
257613 755 1175745079
257613 760 1184215335
258158 793 1239456290
257613 156 253119141
257613 239 385870940
257613 272 436544531
257613 276 443870210
257613 289 464008816
257613 292 469011285
257613 418 659919207
257613 819 1273480088
257613 523 821132486
257613 613 960635420
257613 716 1116123272
257613 788 1226678578
257613 941 1452249261
257613 945 1458529767
257645 108 156102314
257613 1040 1596958469
257682 336 429178652
257682 341 434111935
257613 1149 1748203513
257751 132 197006649
257751 58 85952551
257682 228 272946266
258177 184 282429151
257645 305 480454404
257645 373 584526200
257645 381 596938483
257645 558 858234362
257645 681 1041162849
258750 41 59305220
257645 530 815830278
257645 1079 1617910192
257645 833 1272355311
257645 752 1150414897
257645 752 1149780664
257645 817 1246196562
257805 66 111373676
257805 66 111576380
257805 66 110783142
257819 127 197033165
257819 127 196990582
257822 184 276617621
257822 1228 1668485389
257751 90 134363511
257751 272 405048496
257751 290 432818463
257968 144 187666940
257682 237 285584447
258702 327 529241571
259685 387 684796072
257751 21 30494829
257816 342 532117965
257805 25 40839701
258712 415 653001344
258714 36 53046165
257816 328 510703283
257805 134 227601748
257805 214 359637981
257805 214 358797519
257805 244 409908291
257805 186 312547390
257805 203 340651635
257816 322 501791624
257816 323 503404001
257816 81 118760221
258712 128 204153423
258712 394 621109313
257816 148 224950741
257816 228 353705943
257816 238 369554355
257816 254 394283934
257816 257 398773773
257819 49 77961253
257822 1232 1673950228
257819 144 224027970
257819 135 210059382
257822 8 11654760
257822 27 38031598
257822 41 59324728
259884 105 131018244
257822 70 101100450
257822 160 239534091
257822 170 253450343
257822 84 122255300
257822 138 207679396
257822 936 1298058065
257822 581 828570272
257822 689 974825166
257822 727 1024052433
257822 214 322257326
257822 532 767997809
260426 358 576431537
260431 48 81329183
257822 245 366074625
257822 296 439346906
257822 307 455359182
257822 428 623884012
257968 226 320943437
260627 724 1324973481
257968 101 124404901
257822 794 1111620959
258158 1774 -1706958829
257822 819 1144405207
257822 873 1216022212
257822 898 1248324570
257822 909 1262389793
260593 285 474800763
260593 353 611067654
257822 1112 1523541106
257822 1117 1529117867
257822 1125 1540383189
257822 1153 1574862240
257822 1218 1655286112
257823 65 80310556
257969 60 93160199
257969 62 95964187
257969 63 96935655
257823 69 84456915
257969 24 36452903
257823 154 189319286
257823 158 194585315
257823 164 201605002
257968 136 174285531
258158 1081 1656381844
257968 298 434977476
257969 114 175149278
257969 230 352869167
257969 184 281826930
258159 71 91147454
258158 1770 -1712858065
258129 119 167281018
257969 288 439873734
257969 338 513319720
257969 354 537308291
257969 355 538705933
257969 415 627664102
257969 434 655303975
258129 112 156714616
257969 475 714118068
257969 456 686906198
257969 456 686597460
257969 522 781872750
257969 619 919416448
257969 505 757221327
257969 537 802409854
257969 571 850482199
257969 630 934905984
258129 52 64228189
258158 1017 1565308544
258158 1765 -1719152163
256675 25 35216992
258157 47 79483788
258158 6 9267119
258158 96 159367311
258158 594 941824016
258158 280 452443123
258158 138 228351928
258158 313 503909648
258158 348 559910923
258158 365 587471741
258158 367 590588623
258158 372 598132170
258158 448 716746695
256675 71 104571784
258158 457 730565504
258158 492 785553693
258158 535 851061194
258158 545 867462611
258158 586 929193583
258158 624 986836050
258158 628 992755999
258158 644 1018016338
258158 741 1162543264
258158 838 1305247315
258158 719 1129502446
258158 899 1394940096
258158 903 1400962614
258158 1132 1727487276
258158 1164 1772912475
258158 1099 1681535374
256868 79 134799863
258158 1206 1831137495
258158 1272 1922769884
258158 1430 2136977652
258159 300 382367200
258158 1533 -2019688976
258158 1331 2003077321
258158 1345 2022599914
258158 1346 2023601766
258158 1365 2049747751
258158 1396 2091204477
258158 1457 -2120783389
258158 1495 -2069611626
258158 1501 -2062566780
258158 1506 -2055812044
258158 1648 -1872697226
258158 1540 -2009817831
258158 1553 -1997748230
258159 148 189790498
258158 1706 -1796310608
258159 78 100219564
258159 154 197151517
258159 321 408632936
257400 680 1023720461
257400 680 1023765299
257400 1190 1718054822
258159 309 393320015
258159 418 529818887
258159 456 576491819
258159 482 609434813
258159 482 609680468
258177 8 11825742
258177 573 846652177
258177 573 845746987
256677 417 441905986
256677 426 451570971
258177 76 116930594
258177 89 136370513
258177 95 145922368
258177 99 151646399
258177 93 143728071
258177 151 231317247
258177 159 243631163
258214 59 100054653
258177 284 432254770
258177 369 550566201
258177 382 570005528
258177 287 436469364
258177 287 436554707
258177 319 483703351
258177 342 518248929
258177 386 575333888
258177 426 633267778
258177 449 667816763
258177 438 651069719
258177 445 662032897
258177 1140 1625280423
257487 420 725528407
257487 479 829915476
258177 1130 1611940067
258177 475 705333355
258177 485 719912385
258177 486 721637195
258177 550 813145576
258177 512 758861988
258177 614 904330782
258177 654 961453435
258177 657 965620392
258177 644 946850574
258177 781 1138886355
258177 834 1211695253
258177 821 1192933144
258177 1033 1482323810
258177 1086 1552947059
258177 1090 1557777853
258177 1305 1838190390
258177 1353 1898494328
258177 1361 1908477057
256676 59 84478734
258177 1461 2037104348
258177 1457 2032385052
258177 1432 1999805287
258177 1473 2052237422
258177 1586 -2098636331
258177 1504 2092865411
258177 1520 2112919756
258177 1521 2114492720
258177 1593 -2090020236
258177 1622 -2053209713
258177 1638 -2032868615
258177 1696 -1961290175
258177 1662 -2003415729
258177 1734 -1913578455
258177 1779 -1858127846
258177 1787 -1847234656
258177 1828 -1796580285
258177 1801 -1830624566
256676 99 144183465
258177 1817 -1810145450
258211 97 66775949
258211 59 34560094
258211 66 40206126
258287 166 259483578
258213 127 204999434
258213 127 205025641
258214 119 202598772
258214 159 270541059
258214 204 345871821
258287 67 83438884
258287 211 332847812
258287 89 124254865
258287 90 127487968
256729 310 459336571
256676 181 259909007
258287 181 287265740
258287 112 166862629
258287 134 208642195
258287 176 278326790
258434 158 258335807
258428 40 69989249
258425 112 202518636
258425 112 202923934
258403 81 115592648
258403 134 194383206
258403 158 229728846
256676 153 221560487
258403 74 105288758
258403 111 161085316
258403 113 163532389
258440 704 1024019166
258445 195 254089742
258403 216 315699356
258403 226 329420233
258425 30 51215787
258403 174 252937151
258440 359 539423940
258425 25 40826041
258425 48 83613979
258425 49 85749793
258425 80 143643716
258426 2 2358414
258427 58 101716769
258427 48 84859092
258427 49 86806033
258427 28 49053480
258427 82 144727073
258427 86 151337090
258427 98 171595779
258428 46 80416810
258434 125 203881299
258434 96 157700054
258428 69 119304211
258434 31 49762605
258434 213 346868065
258434 254 411599722
258434 386 618837380
258434 415 664253880
258440 97 148681581
258440 128 194859809
258440 137 208811326
258440 148 225566352
258702 187 293105415
258440 157 239052828
260627 1083 2002356837
260627 1095 2025138677
258443 94 129134982
258443 105 144148332
258656 254 450611487
258440 579 846944390
258440 580 848537108
258440 630 919843017
258440 278 420117664
258440 286 430945887
258440 322 484501818
258440 430 643971861
258440 409 613198186
258440 450 669660316
258440 541 793043526
258440 570 833432073
258440 571 835482142
258440 601 878713437
257819 232 356450337
258443 47 64895927
258443 129 177829090
258443 131 180226782
258443 209 287359068
258448 406 488003098
258443 265 362158956
258443 269 367055767
256677 126 145197773
258445 52 67346436
258445 38 49608557
258445 39 50964894
258448 19 21148167
258445 94 122454571
258445 130 169710237
256843 227 326499137
258445 132 172369839
258445 133 173623854
258445 141 184447780
258445 145 189459248
258445 145 188902507
258445 155 202327348
258448 134 157739367
258445 231 300437976
258446 61 76446033
258445 292 378754307
258446 44 54198457
258448 200 239301936
258448 209 249958100
258448 220 263390579
258448 325 391170235
258656 76 127407653
258448 470 565218632
257487 406 701736586
258702 283 460022466
258448 525 630176267
258448 581 696075972
258448 638 763124751
258656 327 585662574
258448 701 836857391
258448 701 835883970
258448 672 802525798
258448 693 827147112
258448 697 832075675
258448 708 842597192
257487 445 768784190
257487 452 782923491
258655 67 48736595
258656 101 172280742
258656 113 195106630
258656 280 500207746
258656 269 478998776
258694 114 206320383
258694 103 187319248
258702 332 537720595
258713 150 224655894
258742 473 858429246
258742 474 860460957
258745 156 257549024
258694 78 141285738
258694 92 166658908
258656 326 583817090
258694 35 59604452
258742 65 119668929
258694 165 300003444
258702 91 120095595
258702 108 150826172
258702 137 203950295
258702 140 210436540
258702 144 216818521
258702 166 256103224
258702 184 288325448
258702 355 577616983
258702 341 553415121
258702 203 322345125
258702 210 334584274
258702 363 591606753
258702 366 597037351
258703 38 64480941
258703 62 105230939
258703 165 276403072
258703 171 286808827
258703 153 256802317
258703 111 186253867
258703 97 163685206
258703 216 360613494
258703 275 461931122
258703 299 507256113
258703 320 546004532
258703 323 552017525
258703 364 629326423
258703 370 640255255
258749 304 473314566
258706 33 59029694
258705 42 75180244
258706 64 113872985
258706 92 162442289
258706 100 177654644
258712 508 795138590
258706 186 328112932
258706 577 986353812
258706 200 353142230
258706 217 383227120
258706 222 391564760
258706 247 435320212
258706 289 507586472
258706 359 626891956
258706 370 646027160
258706 377 658704775
258706 406 708470128
258706 564 966214664
258706 509 880887676
258712 108 172123882
258706 467 809785934
258706 487 843704536
258706 522 902241079
258712 86 137875443
258706 647 1101469707
258706 711 1207129779
258712 5 7890301
258712 6 8693236
258712 122 194917843
258712 124 197591122
258712 171 273216767
258712 193 307365435
258712 243 385656563
258712 220 349122178
258712 272 430600380
258712 384 604789723
258712 501 784584849
258713 41 60833183
258714 21 30917025
258741 53 95028984
258745 192 315642181
258742 153 284673683
258742 73 134665315
259685 512 926825537
258742 209 386171740
258742 342 626988624
258742 324 596001402
258742 273 503887867
258742 313 575326097
258742 355 651349955
258742 368 673790689
258742 385 704092322
258742 512 926272321
258742 414 754672323
258742 420 765394952
258742 422 769812086
258742 468 849532748
258742 585 1052346336
258742 583 1048756992
258742 643 1151089285
258742 644 1152937538
258742 622 1115043013
258742 628 1126011828
259626 227 148700562
258745 96 158234330
258745 104 172678441
258745 203 334540839
258745 217 357637269
258745 218 359014506
258745 206 339480068
258745 170 279993444
258745 146 240887945
258745 174 287264493
258745 178 293628299
258745 190 313246329
258749 125 196525402
258749 100 157485319
258749 108 169415480
258745 245 400728827
258749 5 6677777
258749 82 128590873
258749 506 767988457
258749 526 797864164
258749 530 803287794
258749 238 371621018
258749 189 295689605
258749 331 513793161
258749 297 461922667
258749 367 567896209
258749 369 571646103
258749 409 631635770
258749 469 721220568
258749 539 817089714
258749 549 832217727
258750 11 14996764
258749 590 891199364
258750 14 19371970
258750 33 47437642
259637 49 77984695
258750 97 139115145
259685 141 254401593
258750 141 201461519
258750 121 173028261
259626 85 12493929
259626 129 49317708
258750 175 249668863
259681 93 78959493
259626 342 259330514
259626 387 303383951
259685 116 209845266
259637 122 199671632
259637 174 287192363
259637 184 302959233
259685 146 263166174
259686 178 332643275
259681 75 58255534
259681 79 62719226
259683 33 46173500
259683 76 126200145
259685 9 15069140
259685 37 67252839
259685 42 75399870
259685 67 121971960
259685 77 138754223
259685 132 239196153
259810 76 125511208
259810 86 143354058
259685 161 289885767
259685 163 295121229
259822 249 364008909
259685 379 671764655
259685 364 644975231
259685 408 723155207
259685 419 744984095
259685 424 754933934
259686 39 72308749
259685 543 987391051
259809 85 94811897
259809 94 109763075
259809 97 116118350
259809 154 205124394
259685 596 1088918101
259686 8 15125834
259721 331 427810254
259686 53 97941258
259686 62 115802661
259686 73 136848897
259686 260 482177423
259686 143 267853797
259686 220 409063980
259686 226 421323890
259686 294 544015699
259811 5 9363655
259822 174 262006704
259721 202 242753957
259721 314 405036147
260425 140 241461987
259809 122 150662062
259809 193 270366236
259809 200 283741300
259810 97 160902652
259811 10 17898219
259811 10 18257025
259811 74 138755857
259818 53 97343325
259818 49 90546814
259818 120 220899754
259818 84 153458994
259818 96 177019158
259820 112 173186914
259820 73 107705389
259821 88 147379903
259821 75 130062413
259821 81 135215601
259821 100 168090783
259821 209 355545288
259822 71 116777860
259822 78 127633436
259822 79 130157047
259822 115 179543239
259822 91 146968850
259822 434 606847378
259861 30 48970609
260424 77 137282679
259861 26 42874559
259861 26 43194412
259861 27 44671321
259862 376 649794107
259822 316 454480656
259822 349 493360843
259822 366 516516960
259822 388 546134993
259861 80 136874903
259861 103 178379547
260424 12 17671739
259862 298 503836935
259862 89 151540452
259862 139 234527061
259862 296 500472080
259862 194 326263722
259862 221 371337237
259862 222 372847650
259862 252 421805760
259862 255 426914718
259862 259 433712474
259862 321 545778044
259862 349 599919983
259862 352 604498965
259862 360 619091631
259862 380 657986211
259862 389 673465293
259862 425 740608491
259862 471 825842952
259862 449 784974951
259862 482 846653182
259884 148 203094047
259890 109 210318359
259890 42 76486819
260425 35 61188115
260425 38 66202871
260425 202 346305121
260373 74 47112743
259891 64 123753757
259891 91 178080173
259891 108 210970374
259891 108 210746365
260373 337 255806080
260373 191 140533506
260373 227 169987676
260373 238 179277619
260373 403 303960721
260424 9 12809805
260424 45 73871708
260424 116 213488747
260534 305 557121501
260424 387 723875862
260424 165 306999508
260426 120 197265803
260426 144 236516683
260426 122 199490725
260424 217 406529068
260424 224 420725300
260425 121 209455338
260424 243 456952846
260424 283 531753376
260424 294 551182499
260424 441 823327056
260424 394 737826411
260424 348 652311461
260424 361 676662712
260424 433 808450842
260424 626 1159898275
260424 616 1140395472
260424 532 990562030
260426 204 333008185
260424 643 1189126014
260424 650 1201917760
260425 16 27534863
260425 18 31636731
260425 192 330508611
260425 110 190673311
260426 108 178000432
260425 244 417847268
260425 249 426034690
260426 208 338205611
260427 135 215976369
260427 125 197367437
260426 184 300763912
260427 91 136789789
260427 32 47234942
260431 7 11168994
260426 267 432927587
260426 349 562532046
260426 372 598603427
260427 37 53273702
260426 389 625087332
260426 440 703627431
260426 409 655605925
260426 430 689269183
260426 456 729179798
260427 75 108591891
260427 80 117781062
260427 90 135137772
260532 740 1262359911
260427 279 468097884
260431 61 103355404
260431 97 166828208
260431 73 124852283
260431 128 219536865
260431 133 227654546
260431 144 246138183
260431 113 193330745
260532 651 1106709981
260431 122 208033797
260431 154 263543677
260532 449 778574615
260431 201 342087069
260431 207 352622783
260532 144 253735946
260431 225 383672345
260431 245 417696463
260431 440 740981252
260431 441 742230021
260431 365 616629563
260431 337 571209366
260431 337 571324158
260431 359 607648426
260431 393 664214116
260431 419 705601214
260532 94 165577203
260532 103 181700609
260532 166 292445245
260532 166 292491288
260532 226 398145160
260532 229 403056443
260532 208 365613100
260532 293 514351459
260532 259 454353879
260532 262 460713601
260532 280 490705314
260532 404 703234140
260534 75 138998826
260532 328 573804599
260532 385 670626861
260532 388 675735929
260532 394 685952292
260532 496 856461833
260532 613 1048922363
260532 578 991669657
260532 698 1182370635
260532 677 1143986011
260532 679 1147796957
260532 684 1156015179
260532 686 1160102926
260534 33 60289269
260534 107 197927458
260536 58 101327360
260534 371 675189637
260534 133 245641466
260534 361 656777434
260534 143 262555759
260534 296 540856303
260534 150 275268167
260534 163 299796843
260534 185 340848405
260534 285 520362888
260536 91 159289435
260536 116 203618208
260538 3 3724235
260538 133 224650054
260538 135 228380111
260538 153 258658561
260536 150 262429085
260536 156 272296825
260536 158 275638531
260576 246 508443099
260627 389 689748014
260627 389 689933582
260627 389 690244221
260538 116 196056760
260538 118 200002148
260575 8 9778621
260538 161 271094616
260538 208 351142097
260576 9 13960735
260575 7 8856930
260576 42 83485192
260576 93 190042803
260576 128 263759101
260576 169 348882896
260576 170 351289487
260576 134 276112840
260576 286 588459835
260576 229 472322795
260593 132 179662542
260577 8 15280622
260576 340 698555584
260576 335 688135600
260576 348 714699106
260576 402 823504367
260576 442 902534653
260576 442 902411596
260576 443 905010642
260576 454 926926139
260627 819 1509037328
260576 462 943402023
260627 812 1495639657
260577 38 73667592
260577 20 37774489
260577 41 80653847
260593 333 572391908
260577 46 89727179
260577 46 88952776
260577 46 88946054
260593 76 73626415
260593 117 151715811
260593 158 225847240
260627 1164 -2145507247
260593 171 242489133
260593 206 313129711
260593 207 316050956
260593 255 413181864
260593 370 645459231
260593 398 701679906
260627 193 315710338
260627 175 278967081
260627 176 280295882
260627 222 374481971
260627 195 320555043
260627 372 658677841
260627 295 514510811
260627 246 421376893
260627 284 493717602
260627 290 505149654
260627 316 552525754
260627 1026 1897657983
260627 1018 1882399224
260627 439 784455745
260627 471 843150051
260627 452 809083296
260627 455 813332855
260627 617 1119606321
260627 577 1039959102
260627 669 1218982452
260627 666 1214179764
260627 666 1213121533
260627 678 1236600779
260627 629 1140703941
260627 652 1186682280
260627 683 1247054640
260627 685 1249331277
260627 808 1486584404
260627 719 1315439174
260627 730 1338321971
260627 730 1338334161
260627 722 1322648962
260627 769 1412892550
260627 942 1740453242
260627 935 1728526069
260627 1027 1899154119
260627 1156 2134871403
260627 1038 1920243002
260627 1060 1959585740
260627 1106 2045116014
260627 1139 2105473201
260627 1549 -1466836659
260627 1533 -1493542098
260627 1592 -1393645032
260627 1207 -2066861024
260627 1238 -2011247059
260627 1508 -1536252117
260627 1514 -1526336391
260627 1278 -1939701321
260627 1288 -1921188397
260627 1292 -1914793855
260627 1298 -1903497618
260627 1313 -1877787607
260627 1356 -1801313480
260627 1398 -1727027526
260627 1405 -1714933148
260627 1456 -1627387034
260627 1585 -1405339506
260627 1523 -1510877527
260627 1654 -1289172587
260627 1696 -1217657679
260627 1762 -1112746876
260627 1789 -1071779505
260627 1816 -1028300665
258702 370 603942581
256843 184 265628261
258158 1486 -2082391167
258694 128 233010909
256868 184 323300752
257399 47 74570803
257645 543 835005053
257751 16 22774307
257400 216 333388118
257400 224 345808789
257487 181 296762716
257751 316 471731677
257487 787 1367550578
257613 420 663623405
257613 1042 1599658986
257822 469 679239028
257645 1010 1526123098
257645 1034 1553973173
257682 70 45938825
257751 60 89953131
257751 65 97460362
257751 461 683647492
257805 125 212284646
257805 126 213664360
257805 169 285270297
257805 210 351795005
257816 177 270896784
257822 810 1133125542
257822 1193 1624510475
257822 1178 1606002738
257823 48 59371937
257968 143 186773907
257968 175 239301461
259820 69 101140350
257969 120 184940806
258136 45 66373518
258158 777 1214740299
258158 824 1284522651
258177 1525 2119005915
258158 1230 1864924739
258448 46 55097971
258448 46 55159759
258448 47 55359865
258177 282 428476612
258177 412 614070504
258211 116 83278367
258214 194 329010878
258434 53 87074366
258403 229 334838529
258446 19 22801545
258440 83 126828023
258440 145 221236563
258448 114 133209595
258448 206 246408060
258448 482 578751167
258448 718 850928146
259685 276 492301855
258705 66 118700147
258705 78 140803535
258706 704 1195241954
258712 178 283873964
258712 400 630402025
258745 213 351159947
258749 463 711982341
258749 517 785250922
259637 115 188392375
259637 144 237389013
259685 127 229236263
259686 29 52783579
259686 90 167225178
259820 43 61227722
259809 77 80795246
259686 302 559287636
259862 339 580441190
259890 1 1005737
259890 2 2117092
259890 58 109601903
260532 119 210418115
260424 366 685840818
260424 630 1166248541
260425 84 146323745
260425 108 186785628
260426 216 351452681
260425 171 294311977
260532 15 25690630
260532 381 664411419
260627 1483 -1579406310
260534 236 432518096
260627 186 302204308
260627 562 1012645604
260627 1478 -1588612416
260538 280 470813358
260627 1845 -980256135
260593 183 265941526
260627 1167 -2139164969
260627 1505 -1541259482
260627 1646 -1302510143
256734 152 188809839
256729 112 160132330
256729 570 838167258
256729 856 1226049048
257645 1042 1564776711
256843 224 322103563
259685 347 616733039
259685 348 617229961
257400 687 1034014436
257397 115 184596231
257645 301 473972204
257400 782 1171139648
257396 22 36766495
257487 226 380510919
257487 226 380089607
257487 199 330140807
257487 508 880577795
257805 196 328789789
257816 103 153881667
257819 119 184616762
258706 174 307003021
258706 173 305268508
258656 188 327499723
258656 290 517687528
257490 65 104970322
259685 426 758569298
257645 920 1397986012
257816 262 407218654
257816 272 423229712
257723 138 178259683
257819 206 317282675
257822 191 288450449
257822 569 812361987
258159 377 478657057
257822 641 908029868
257968 160 215007220
257969 239 365096921
257969 527 787836721
258158 291 470087012
258158 650 1025957252
258158 739 1160439410
258158 811 1266118906
258448 274 329614981
258158 1386 2077859783
258158 1749 -1740223536
258403 227 330730226
258440 154 234487663
258694 66 117839251
258434 235 382316009
258434 366 587917734
258440 64 98247391
258448 281 338027035
258445 275 356994473
258446 73 90959707
258706 21 36724853
258706 405 705372697
258712 255 404886241
258712 78 125363657
258712 78 124930925
259685 452 810518591
259685 470 846188927
258742 80 146716866
258742 140 259372095
258745 120 198005258
259637 98 159489673
259822 121 188470685
259809 219 315676059
259686 147 273666769
259809 177 244485574
259809 217 310901527
259809 170 232164587
259818 32 58806743
259818 32 59071838
259818 37 68450078
259861 77 132647980
259861 78 134214367
259821 177 301530400
259822 305 440309239
259822 258 376041700
259862 42 70399117
259890 13 21103220
259884 127 166110052
259884 128 167034633
260425 45 78467760
260425 250 428315122
260424 439 819868530
260425 68 117268547
260425 86 149419814
260427 109 170186350
260427 220 364838053
260532 30 51542195
260426 57 93410691
260431 83 141142638
260431 212 361051470
260427 265 444391968
260431 59 100628678
260431 312 528650876
260431 378 638337963
260538 230 387587166
260532 610 1043967966
260534 4 6335256
260534 71 130948154
260538 276 464099254
260576 239 492805599
260627 248 425116866
260627 1021 1888244381
260627 967 1787083952
260627 968 1790046835
260627 980 1812087198
260627 396 703149800
260627 1176 -2122305169
256675 139 203275643
258712 313 494611796
258712 313 495269394
256677 148 172514047
256729 955 1363396038
256734 186 230990215
256677 3 2818421
256677 359 371484015
256729 1502 2087352019
256729 1662 -1998951713
256867 21 34817675
256729 1576 -2111221504
256843 1089 1501523675
256843 1003 1387529115
256843 1045 1442863518
256843 632 882392050
258213 107 168655839
256843 98 137942238
256843 99 140314270
257400 587 890250886
257394 70 106413693
257400 706 1061778083
258159 386 490107993
258159 388 492386058
258213 161 263173973
256868 256 445181759
257969 212 325073904
258158 202 325228722
256868 95 162466101
258177 1887 -1724984754
257816 251 389007890
257397 47 75465998
257613 1248 1881069429
257613 1251 1884435148
258159 6 6523941
257487 266 455817717
257487 266 455657219
257400 643 972319495
257400 643 971696397
257400 698 1049773159
257490 104 165888902
257490 402 632417233
257613 546 856948590
257613 548 860186727
257613 550 862935440
257613 594 931130995
257819 20 32206744
257613 126 204184175
257819 88 138904092
257613 605 949873691
257645 719 1096254966
257723 18 18621183
257723 25 30498382
257751 194 289869971
257751 381 570464721
258434 423 676422363
258434 425 679645993
257816 50 75118614
257819 66 103235455
257819 72 113033326
257819 84 132321343
257819 141 218964911
257819 189 292004553
257822 730 1028658090
257822 854 1190309642
257822 1256 1706104237
257823 27 31510542
257968 84 97512955
258214 17 28691967
258158 245 394884388
258158 316 510068168
258158 1059 1624535104
258159 4 4308315
258159 39 48892450
258177 33 50824706
258177 765 1117074640
258214 81 138408402
258214 103 175981444
258440 177 269136583
258440 627 915788236
258694 68 121486085
258694 162 293545849
258702 142 213702412
258702 376 613519678
258702 293 474357949
258703 238 397004604
258712 174 278152154
258712 117 187430384
258741 40 70071205
258742 16 27365084
259822 293 422940319
259637 29 44526499
258749 22 33765342
258749 192 301398752
258749 385 595861682
259637 131 215901325
260576 179 369257828
259810 15 24667246
259820 37 52583463
259862 223 374602981
259862 342 585921204
259884 118 148989512
260425 107 185516690
260426 65 106905980
260426 66 108687789
260426 497 792695790
260426 35 56757494
260426 498 794309865
260427 24 36017198
260427 254 424276675
260431 280 475065779
260532 34 59260731
260538 157 264766146
260576 109 224885491
260576 373 764214725
260627 414 737758292
260627 514 924559353
260593 155 222767569
260627 250 428153286
260627 1039 1921693242
260627 1184 -2108708184
260627 1309 -1884365974
260627 1177 -2121074309
260627 1347 -1816823442
260627 1385 -1749905745
260627 1512 -1530295394
256677 59 73376217
256843 1322 1789952768
256729 168 244677747
256729 289 428347967
256843 622 868996029
257396 56 94088939
257400 230 354565315
257805 225 376176994
257969 156 239420413
258158 130 214521442
258213 82 130256008
258177 1113 1589386760
258177 1419 1983212271
258742 70 129578963
258444 32 41915284
258444 35 46324807
258434 345 554806790
258445 91 118968239
258706 28 50103011
258706 604 1030973798
258706 606 1033639367
259637 129 211228539
260593 395 695400588
260627 132 192881629
260426 222 361164649
259686 95 176961582
259809 152 200900065
259810 36 59078844
260593 276 456385142
260424 404 755637205
260425 154 265400453
260426 22 35626299
260426 380 610872635
260426 447 714679847
260593 322 550087300
260532 475 821225014
260541 23 36148932
260627 1430 -1671353670
260627 467 835675311
260627 1571 -1428702048
260627 1664 -1271813487
260627 1679 -1246689744
260627 1679 -1246533203
260627 1755 -1121656563
 
