  100.  3.52E+04  4.18E+04   1.19
  150.  1.02E+04  1.23E+04   1.21
  200.  4.10E+03  5.01E+03   1.22
  250.  1.99E+03  2.44E+03   1.23
  300.  1.09E+03  1.34E+03   1.23
  350.  6.46E+02  8.00E+02   1.24
  400.  4.09E+02  5.07E+02   1.24
  450.  2.71E+02  3.37E+02   1.24
  500.  1.87E+02  2.32E+02   1.24
  550.  1.33E+02  1.65E+02   1.24
  600.  9.66E+01  1.20E+02   1.24
  650.  7.19E+01  8.93E+01   1.24
  700.  5.45E+01  6.76E+01   1.24
  750.  4.19E+01  5.20E+01   1.24
  800.  3.27E+01  4.05E+01   1.24
  850.  2.58E+01  3.19E+01   1.24
  900.  2.06E+01  2.55E+01   1.24
  950.  1.66E+01  2.05E+01   1.24
 1000.  1.34E+01  1.66E+01   1.24
 1050.  1.10E+01  1.36E+01   1.24
 1100.  9.04E+00  1.12E+01   1.24
 1150.  7.49E+00  9.24E+00   1.23
 1200.  6.24E+00  7.69E+00   1.23
 1250.  5.22E+00  6.43E+00   1.23
 1300.  4.39E+00  5.40E+00   1.23
 1350.  3.71E+00  4.56E+00   1.23
 1400.  3.15E+00  3.86E+00   1.23
 1450.  2.68E+00  3.29E+00   1.23
 1500.  2.29E+00  2.80E+00   1.22
 1550.  1.96E+00  2.40E+00   1.22
 1600.  1.69E+00  2.06E+00   1.22
 1650.  1.45E+00  1.77E+00   1.22
 1700.  1.26E+00  1.53E+00   1.22
 1750.  1.09E+00  1.32E+00   1.21
 1800.  9.45E-01  1.15E+00   1.21
 1850.  8.22E-01  9.94E-01   1.21
 1900.  7.17E-01  8.65E-01   1.21
 1950.  6.26E-01  7.54E-01   1.20
 2000.  5.48E-01  6.58E-01   1.20
 2050.  4.80E-01  5.76E-01   1.20
 2100.  4.22E-01  5.05E-01   1.20
 2150.  3.71E-01  4.42E-01   1.19
 2200.  3.26E-01  3.88E-01   1.19
 2250.  2.88E-01  3.42E-01   1.19
 2300.  2.54E-01  3.01E-01   1.18
 2350.  2.24E-01  2.65E-01   1.18
 2400.  1.99E-01  2.34E-01   1.18
 2450.  1.76E-01  2.07E-01   1.17
 2500.  1.56E-01  1.83E-01   1.17
 2550.  1.38E-01  1.62E-01   1.17
 2600.  1.23E-01  1.43E-01   1.16
 2650.  1.09E-01  1.27E-01   1.16
 2700.  9.73E-02  1.12E-01   1.16
 2750.  8.66E-02  9.99E-02   1.15
 2800.  7.72E-02  8.87E-02   1.15
 2850.  6.88E-02  7.88E-02   1.14
 2900.  6.14E-02  7.01E-02   1.14
 2950.  5.49E-02  6.24E-02   1.14
 3000.  4.90E-02  5.56E-02   1.13
 3050.  4.39E-02  4.95E-02   1.13
 3100.  3.92E-02  4.41E-02   1.12
 3150.  3.51E-02  3.93E-02   1.12
 3200.  3.15E-02  3.51E-02   1.11
 3250.  2.82E-02  3.13E-02   1.11
 3300.  2.53E-02  2.80E-02   1.11
 3350.  2.27E-02  2.50E-02   1.10
 3400.  2.04E-02  2.23E-02   1.10
 3450.  1.83E-02  2.00E-02   1.09
 3500.  1.64E-02  1.78E-02   1.08
 3550.  1.48E-02  1.60E-02   1.08
 3600.  1.33E-02  1.43E-02   1.07
 3650.  1.20E-02  1.28E-02   1.07
 3700.  1.08E-02  1.14E-02   1.06
 3750.  9.70E-03  1.02E-02   1.06
 3800.  8.74E-03  9.17E-03   1.05
 3850.  7.88E-03  8.22E-03   1.04
 3900.  7.11E-03  7.36E-03   1.04
 3950.  6.41E-03  6.60E-03   1.03
 4000.  5.79E-03  5.91E-03   1.02
 4050.  5.23E-03  5.30E-03   1.01
 4100.  4.72E-03  4.75E-03   1.01
 4150.  4.27E-03  4.27E-03   1.00
 4200.  3.86E-03  3.83E-03   0.99
 4250.  3.49E-03  3.43E-03   0.98
 4300.  3.16E-03  3.08E-03   0.98
 4350.  2.86E-03  2.76E-03   0.97
 4400.  2.59E-03  2.48E-03   0.96
 4450.  2.35E-03  2.23E-03   0.95
 4500.  2.13E-03  2.00E-03   0.94
 4550.  1.93E-03  1.80E-03   0.93
 4600.  1.75E-03  1.61E-03   0.92
 4650.  1.59E-03  1.45E-03   0.91
 4700.  1.45E-03  1.30E-03   0.90
 4750.  1.31E-03  1.17E-03   0.89
 4800.  1.20E-03  1.05E-03   0.88
 4850.  1.09E-03  9.45E-04   0.87
 4900.  9.90E-04  8.50E-04   0.86
 4950.  9.01E-04  7.64E-04   0.85
 5000.  8.21E-04  6.87E-04   0.84
