  100.  3.18E+04  4.12E+04   1.30
  150.  9.48E+03  1.22E+04   1.29
  200.  3.89E+03  4.98E+03   1.28
  250.  1.92E+03  2.44E+03   1.27
  300.  1.06E+03  1.34E+03   1.26
  350.  6.35E+02  7.99E+02   1.26
  400.  4.05E+02  5.07E+02   1.25
  450.  2.70E+02  3.37E+02   1.25
  500.  1.87E+02  2.32E+02   1.24
  550.  1.34E+02  1.65E+02   1.23
  600.  9.78E+01  1.20E+02   1.23
  650.  7.30E+01  8.96E+01   1.23
  700.  5.55E+01  6.79E+01   1.22
  750.  4.29E+01  5.23E+01   1.22
  800.  3.35E+01  4.07E+01   1.21
  850.  2.66E+01  3.21E+01   1.21
  900.  2.12E+01  2.56E+01   1.21
  950.  1.71E+01  2.06E+01   1.20
 1000.  1.39E+01  1.67E+01   1.20
 1050.  1.14E+01  1.37E+01   1.20
 1100.  9.43E+00  1.13E+01   1.19
 1150.  7.83E+00  9.32E+00   1.19
 1200.  6.53E+00  7.76E+00   1.19
 1250.  5.48E+00  6.49E+00   1.18
 1300.  4.62E+00  5.46E+00   1.18
 1350.  3.91E+00  4.60E+00   1.18
 1400.  3.32E+00  3.90E+00   1.17
 1450.  2.83E+00  3.32E+00   1.17
 1500.  2.42E+00  2.83E+00   1.17
 1550.  2.08E+00  2.42E+00   1.16
 1600.  1.79E+00  2.08E+00   1.16
 1650.  1.55E+00  1.79E+00   1.16
 1700.  1.34E+00  1.55E+00   1.15
 1750.  1.16E+00  1.34E+00   1.15
 1800.  1.01E+00  1.16E+00   1.15
 1850.  8.80E-01  1.01E+00   1.14
 1900.  7.68E-01  8.77E-01   1.14
 1950.  6.72E-01  7.64E-01   1.14
 2000.  5.89E-01  6.67E-01   1.13
 2050.  5.17E-01  5.84E-01   1.13
 2100.  4.54E-01  5.12E-01   1.13
 2150.  4.00E-01  4.49E-01   1.12
 2200.  3.53E-01  3.94E-01   1.12
 2250.  3.11E-01  3.47E-01   1.12
 2300.  2.75E-01  3.06E-01   1.11
 2350.  2.43E-01  2.69E-01   1.11
 2400.  2.16E-01  2.38E-01   1.10
 2450.  1.91E-01  2.10E-01   1.10
 2500.  1.70E-01  1.86E-01   1.10
 2550.  1.51E-01  1.64E-01   1.09
 2600.  1.34E-01  1.46E-01   1.09
 2650.  1.19E-01  1.29E-01   1.08
 2700.  1.06E-01  1.14E-01   1.08
 2750.  9.47E-02  1.02E-01   1.07
 2800.  8.45E-02  9.04E-02   1.07
 2850.  7.55E-02  8.03E-02   1.06
 2900.  6.74E-02  7.15E-02   1.06
 2950.  6.03E-02  6.36E-02   1.06
 3000.  5.39E-02  5.66E-02   1.05
 3050.  4.83E-02  5.05E-02   1.05
 3100.  4.32E-02  4.50E-02   1.04
 3150.  3.88E-02  4.02E-02   1.04
 3200.  3.48E-02  3.58E-02   1.03
 3250.  3.12E-02  3.20E-02   1.03
 3300.  2.80E-02  2.86E-02   1.02
 3350.  2.51E-02  2.55E-02   1.02
 3400.  2.26E-02  2.28E-02   1.01
 3450.  2.03E-02  2.04E-02   1.01
 3500.  1.83E-02  1.82E-02   1.00
 3550.  1.64E-02  1.63E-02   0.99
 3600.  1.48E-02  1.46E-02   0.99
 3650.  1.33E-02  1.31E-02   0.98
 3700.  1.20E-02  1.17E-02   0.98
 3750.  1.08E-02  1.05E-02   0.97
 3800.  9.75E-03  9.39E-03   0.96
 3850.  8.80E-03  8.43E-03   0.96
 3900.  7.94E-03  7.55E-03   0.95
 3950.  7.17E-03  6.76E-03   0.94
 4000.  6.48E-03  6.07E-03   0.94
 4050.  5.85E-03  5.44E-03   0.93
 4100.  5.29E-03  4.88E-03   0.92
 4150.  4.79E-03  4.38E-03   0.92
 4200.  4.33E-03  3.93E-03   0.91
 4250.  3.92E-03  3.53E-03   0.90
 4300.  3.55E-03  3.17E-03   0.89
 4350.  3.22E-03  2.84E-03   0.88
 4400.  2.91E-03  2.55E-03   0.87
 4450.  2.64E-03  2.29E-03   0.87
 4500.  2.40E-03  2.06E-03   0.86
 4550.  2.18E-03  1.85E-03   0.85
 4600.  1.98E-03  1.66E-03   0.84
 4650.  1.80E-03  1.49E-03   0.83
 4700.  1.63E-03  1.34E-03   0.82
 4750.  1.48E-03  1.21E-03   0.81
 4800.  1.35E-03  1.08E-03   0.80
 4850.  1.23E-03  9.74E-04   0.79
 4900.  1.12E-03  8.75E-04   0.78
 4950.  1.02E-03  7.87E-04   0.77
 5000.  9.30E-04  7.08E-04   0.76
