  100.  2.81E+04  4.09E+04   1.46
  150.  8.69E+03  1.21E+04   1.39
  200.  3.65E+03  4.95E+03   1.36
  250.  1.83E+03  2.43E+03   1.33
  300.  1.02E+03  1.34E+03   1.31
  350.  6.20E+02  7.99E+02   1.29
  400.  3.99E+02  5.07E+02   1.27
  450.  2.68E+02  3.37E+02   1.26
  500.  1.87E+02  2.33E+02   1.24
  550.  1.34E+02  1.65E+02   1.23
  600.  9.87E+01  1.21E+02   1.22
  650.  7.41E+01  8.98E+01   1.21
  700.  5.65E+01  6.81E+01   1.20
  750.  4.38E+01  5.24E+01   1.20
  800.  3.44E+01  4.09E+01   1.19
  850.  2.73E+01  3.23E+01   1.18
  900.  2.19E+01  2.57E+01   1.17
  950.  1.77E+01  2.07E+01   1.17
 1000.  1.45E+01  1.68E+01   1.16
 1050.  1.19E+01  1.38E+01   1.16
 1100.  9.84E+00  1.13E+01   1.15
 1150.  8.18E+00  9.38E+00   1.15
 1200.  6.85E+00  7.81E+00   1.14
 1250.  5.76E+00  6.53E+00   1.14
 1300.  4.86E+00  5.49E+00   1.13
 1350.  4.12E+00  4.64E+00   1.12
 1400.  3.51E+00  3.93E+00   1.12
 1450.  3.00E+00  3.35E+00   1.11
 1500.  2.57E+00  2.86E+00   1.11
 1550.  2.21E+00  2.44E+00   1.11
 1600.  1.91E+00  2.10E+00   1.10
 1650.  1.65E+00  1.81E+00   1.10
 1700.  1.43E+00  1.56E+00   1.09
 1750.  1.24E+00  1.35E+00   1.09
 1800.  1.08E+00  1.17E+00   1.08
 1850.  9.45E-01  1.02E+00   1.08
 1900.  8.26E-01  8.86E-01   1.07
 1950.  7.23E-01  7.72E-01   1.07
 2000.  6.35E-01  6.75E-01   1.06
 2050.  5.58E-01  5.90E-01   1.06
 2100.  4.91E-01  5.17E-01   1.05
 2150.  4.33E-01  4.54E-01   1.05
 2200.  3.82E-01  3.99E-01   1.04
 2250.  3.38E-01  3.51E-01   1.04
 2300.  2.99E-01  3.09E-01   1.03
 2350.  2.65E-01  2.73E-01   1.03
 2400.  2.35E-01  2.41E-01   1.02
 2450.  2.09E-01  2.13E-01   1.02
 2500.  1.85E-01  1.88E-01   1.01
 2550.  1.65E-01  1.67E-01   1.01
 2600.  1.47E-01  1.48E-01   1.01
 2650.  1.31E-01  1.31E-01   1.00
 2700.  1.17E-01  1.16E-01   1.00
 2750.  1.04E-01  1.03E-01   0.99
 2800.  9.30E-02  9.17E-02   0.99
 2850.  8.31E-02  8.15E-02   0.98
 2900.  7.44E-02  7.25E-02   0.98
 2950.  6.66E-02  6.46E-02   0.97
 3000.  5.96E-02  5.75E-02   0.96
 3050.  5.34E-02  5.13E-02   0.96
 3100.  4.79E-02  4.57E-02   0.95
 3150.  4.30E-02  4.08E-02   0.95
 3200.  3.86E-02  3.64E-02   0.94
 3250.  3.46E-02  3.25E-02   0.94
 3300.  3.11E-02  2.91E-02   0.93
 3350.  2.80E-02  2.59E-02   0.93
 3400.  2.52E-02  2.32E-02   0.92
 3450.  2.26E-02  2.07E-02   0.92
 3500.  2.04E-02  1.86E-02   0.91
 3550.  1.84E-02  1.66E-02   0.90
 3600.  1.65E-02  1.49E-02   0.90
 3650.  1.49E-02  1.33E-02   0.89
 3700.  1.34E-02  1.19E-02   0.89
 3750.  1.21E-02  1.07E-02   0.88
 3800.  1.09E-02  9.57E-03   0.87
 3850.  9.89E-03  8.58E-03   0.87
 3900.  8.93E-03  7.69E-03   0.86
 3950.  8.07E-03  6.89E-03   0.85
 4000.  7.29E-03  6.18E-03   0.85
 4050.  6.60E-03  5.55E-03   0.84
 4100.  5.97E-03  4.98E-03   0.83
 4150.  5.40E-03  4.47E-03   0.83
 4200.  4.89E-03  4.01E-03   0.82
 4250.  4.43E-03  3.60E-03   0.81
 4300.  4.02E-03  3.23E-03   0.80
 4350.  3.64E-03  2.90E-03   0.80
 4400.  3.30E-03  2.60E-03   0.79
 4450.  3.00E-03  2.34E-03   0.78
 4500.  2.72E-03  2.10E-03   0.77
 4550.  2.47E-03  1.89E-03   0.76
 4600.  2.24E-03  1.70E-03   0.76
 4650.  2.04E-03  1.53E-03   0.75
 4700.  1.86E-03  1.37E-03   0.74
 4750.  1.69E-03  1.23E-03   0.73
 4800.  1.54E-03  1.11E-03   0.72
 4850.  1.40E-03  9.96E-04   0.71
 4900.  1.28E-03  8.96E-04   0.70
 4950.  1.16E-03  8.06E-04   0.69
 5000.  1.06E-03  7.25E-04   0.68
